926838
926874
926875
926875
926875
926876
926876
926876
926876
926877
926877
926877
926877
926878
926878
926878
926878
926879
926879
926879
926879
926880
926880
926880
926880
926881
926881
926881
926881
926882
926882
926882
926883
926883
926883
926883
926884
926884
926884
926884
926885
926885
926885
926885
926886
926886
926886
926886
926887
926887
926887
926887
926888
926888
926888
926888
926889
926889
926889
926889
926890
926890
926890
926890
926891
926891
926891
926891
926892
926892
926892
926893
926893
926893
926893
926894
926894
926894
926894
926895
926895
926895
926895
926896
926896
926896
926896
926897
926897
926897
926897
926898
926898
926898
926898
926899
926899
926899
926899
926900
